0 1485 17953
1 1432 17945
2 52 2988
3 63 17929
4 21 17949
5 100 3967
6 39 17976
7 648 1626
8 1082 17991
9 5 4418
10 36 17986
11 54 17987
12 75 17994
13 23 17973
14 9 5894
15 28 5002
16 2734 17945
17 163 17997
18 65 17990
19 86 17998
20 29 17974
21 67 17949
22 52 17986
23 15 8952
24 6 4190
25 53 17929
26 681 17989
27 83 17996
28 102 17960
29 10 7362
30 2507 17994
31 12625 17957
32 102 17960
33 10 17967
34 66 17931
35 77 17994
36 88 17720
37 40 17987
38 58 17988
39 36 3081
40 52 17987
41 59 17988
42 499 17993
43 166 17994
44 35 17975
45 16 17914
46 1086 17998
47 87 17999
48 72 17989
49 139 17987
50 1 17964
51 1024 16045
52 17 5192
53 55 17930
54 130 17954
55 839 7262
56 110 5700
57 19 6740
58 87 17999
59 21 17945
60 1222 6470
61 95 17957
62 9 17967
63 452 17997
64 57 17931
65 60 17928
66 74 17947
67 160 17987
68 633 2514
69 4112 5258
70 120 17910
71 4434 5843
72 2197 3396
73 53 7974
74 874 3071
75 6 5525
76 40 7309
77 1621 2443
78 1000 11695
79 16 17969
80 38 13270
81 2523 17720
82 22 17971
83 2318 4064
84 2762 4051
85 32 6899
86 16 17969
87 2364 3803
88 2964 4243
89 393 15581
90 6115 6944
91 1399 17957
92 1048 17147
93 5626 7266
94 912 7192
95 243 2004
96 26 6183
97 764 1651
98 269 5110
99 4217 17946
100 1473 17988
101 628 14811
102 1354 2059
103 52 4523
104 140 3979
105 2006 3546
106 158 14712
107 1455 6909
108 55 6180
109 5134 6697
110 5108 6158
111 53 5020
112 3072 17692
113 3103 4762
114 2759 4299
115 2070 3074
116 3801 4612
117 8 6812
118 52 16511
119 1053 17971
120 2490 3930
121 818 7821
122 905 14298
123 3567 4254
124 2000 2816
125 4586 6119
126 4055 5498
127 307 16717
128 3 5088
129 100 5690
130 853 1643
131 285 15576
132 2947 15467
133 1512 17553
134 20 17971
135 677 5746
136 1183 17949
137 3725 6295
138 85 2828
139 4312 5352
140 2235 3361
141 1994 2596
142 1395 2438
143 6605 7914
144 2021 17224
145 1 6802
146 12819 13626
147 0 6487
148 7382 8331
149 8 5640
150 1394 2006
151 2731 16843
152 1065 17592
153 2432 17949
154 3580 7159
155 1462 3716
156 1640 2950
157 2195 8704
158 337 1503
159 2862 6811
160 890 5588
161 40 17977
162 5752 6836
163 491 17949
164 1153 17973
165 163 17987
166 1560 2897
167 1543 3543
168 1078 17994
169 831 2826
170 480 7640
171 3614 4968
172 26 15782
173 4728 5745
174 39 4518
175 1678 4266
176 227 1220
177 3333 17046
178 2933 5167
179 5546 6902
180 4132 5373
181 3644 4459
182 31 7221
183 3430 4695
184 463 6020
185 52 5220
186 1973 2275
187 3159 4692
188 3713 4589
189 2140 3470
190 3784 16828
191 2847 5520
192 1313 7949
193 2401 17991
194 1721 17943
195 939 8486
196 38 5024
197 6151 10172
198 13 16277
199 55 17949
200 23 7217
201 103 17950
202 686 1969
203 443 2921
204 2743 3669
205 70 17953
206 4995 6417
207 6 16862
208 27 16379
209 14 5439
210 781 17978
211 2765 3688
212 3842 8762
213 2511 4766
214 22 16706
215 3467 4185
216 1899 17959
217 3347 4675
218 531 1507
219 1020 3221
220 197 17955
221 58 6774
222 1166 15695
223 57 6851
224 55 17987
225 4959 5693
226 54 17314
227 1213 6455
228 16 6403
229 2057 8228
230 2726 3620
231 104 15715
232 11486 12519
233 2097 3220
234 70 13248
235 2147 3478
236 55 16294
237 737 17973
238 3357 3654
239 521 15235
240 1847 3157
241 20 1334
242 2571 3862
243 4098 5272
244 8 7285
245 1426 3679
246 1173 14806
247 2947 4178
248 52 719
249 13 2548
250 52 17098
251 3140 4576
252 2239 8695
253 3082 4313
254 60 4665
255 1131 4226
256 2804 16756
257 491 1662
258 101 17960
259 1701 3602
260 1625 11873
261 33 13676
262 2756 4089
263 3830 5086
264 2071 12522
265 1987 17990
266 2383 4233
267 2006 3854
268 4423 4617
269 30 5276
270 699 3186
271 3682 5817
272 5817 7204
273 2478 4019
274 5 3056
275 2128 14148
276 749 2571
277 5377 6656
278 1138 1840
279 5138 6602
280 851 2671
281 2337 3535
282 104 5606
283 3447 7922
284 542 2451
285 100 4876
286 5 5080
287 5088 6476
288 443 14246
289 158 17755
290 4383 6111
291 1187 2696
292 96 999
293 2772 4924
294 3640 4952
295 6963 8506
296 2045 3741
297 3833 5089
298 74 6553
299 2000 17958
300 1503 3557
301 95 3549
302 733 3517
303 447 6200
304 1924 3055
305 2259 5568
306 15682 17987
307 1297 7857
308 2299 17991
309 85 17998
310 5204 6912
311 2235 4187
312 2502 7161
313 3133 17947
314 9202 12636
315 26 17974
316 36 6675
317 39 10768
318 96 410
319 40 17977
320 29 3796
321 426 4279
322 758 5291
323 1707 6448
324 995 12297
325 23 9340
326 260 10625
327 1072 4440
328 52 4554
329 2524 16460
330 6061 17386
331 3884 5529
332 14044 17501
333 30 4348
334 1616 3515
335 2411 17997
336 137 6927
337 12287 14220
338 21 5534
339 12466 17945
340 4881 17945
341 1019 3058
342 2919 6293
343 1550 9304
344 1956 3806
345 514 17928
346 69 3110
347 54 5138
348 13077 16410
349 23 7296
350 30 4921
351 6987 16447
352 15 11365
353 62 14761
354 13 17968
355 14366 17953
356 105 17961
357 1660 12209
358 2207 4057
359 3157 5075
360 141 514
361 2428 4785
362 1186 17823
363 57 15216
364 77 13446
365 2299 3426
366 53 8969
367 2087 3211
368 1618 2319
369 2907 3625
370 67 17991
371 443 1429
372 461 14578
373 4056 5146
374 14784 17956
375 1883 2810
376 2729 3720
377 4252 5670
378 1622 4209
379 1886 8579
380 1379 3731
381 4787 5960
382 1577 17338
383 52 17977
384 35 17977
385 55 16916
386 3224 4252
387 23 17971
388 52 15898
389 810 2537
390 791 1879
391 2103 3105
392 54 17929
393 4272 5688
394 2745 3440
395 1100 6612
396 879 2492
397 75 5338
398 149 1895
399 109 16760
400 29 15673
401 26 5096
402 53 4846
403 3573 5215
404 2933 3857
405 3511 4867
406 509 2184
407 871 2484
408 3007 4132
409 5778 7730
410 54 2091
411 5001 16447
412 943 15406
413 2642 3975
414 4189 5343
415 2006 13936
416 2193 3592
417 4460 5773
418 3249 14688
419 1272 2486
420 4506 5720
421 136 4938
422 3723 4786
423 4320 5459
424 4741 5838
425 1971 2690
426 9 335
427 2371 3569
428 538 7684
429 2047 17971
430 5078 6802
431 106 17963
432 5086 17962
433 59 5842
434 54 17929
435 99 17902
436 2846 17961
437 4436 5473
438 6283 7297
439 2007 6615
440 479 17971
441 5083 17192
442 5 15386
443 67 17991
444 1420 17966
445 13 7130
446 6 17687
447 336 17989
448 983 17930
449 3366 5113
450 1626 17074
451 4550 5665
452 2027 3053
453 911 2006
454 433 1224
455 4430 5377
456 649 1745
457 1798 3005
458 426 9032
459 8601 11593
460 52 1576
461 53 419
462 567 8322
463 712 1395
464 1797 3237
465 365 1354
466 30 6668
467 6433 9899
468 3645 17999
469 2404 3504
470 3485 4367
471 16105 17224
472 153 1098
473 1572 17988
474 673 6987
475 4054 17998
476 1319 17999
477 101 16046
478 2815 3606
479 955 17986
480 95 17956
481 1054 15912
482 17 17971
483 12 11827
484 4755 5933
485 1037 1534
486 880 17987
487 10742 13837
488 543 4300
489 622 14033
490 80 17991
491 25 13103
492 769 17929
493 6544 16157
494 2333 17948
495 158 14019
496 11307 17954
497 33 16258
498 35 16507
499 17 17998
500 3326 17993
501 25 17973
502 401 17977
503 110 17908
504 15757 17947
505 6 17633
506 640 3237
507 871 1867
508 31 7050
509 4254 5862
510 2378 3712
511 2226 3039
512 3328 4504
513 2991 4322
514 3082 5027
515 4641 17977
516 3689 5818
517 2367 17949
518 1956 17977
519 32 4862
520 74 2010
521 8 15632
522 60 17987
523 1833 15778
524 2175 17318
525 368 7290
526 2000 2940
527 4199 5715
528 1614 7540
529 1523 8558
530 2228 16838
531 1038 14737
532 140 17987
533 39 17987
534 5804 11924
535 597 17869
536 6612 7850
537 4920 6500
538 875 2082
539 140 15381
540 99 15880
541 1021 7264
542 64 11082
543 2677 17986
544 219 6087
545 584 17763
546 1621 3520
547 33 6672
548 1258 2991
549 138 5406
550 3740 5672
551 990 17994
552 52 597
553 1977 3721
554 2784 4068
555 1477 3116
556 3062 5655
557 384 1672
558 17 17971
559 23 5198
560 1166 17987
561 138 17987
562 2157 4243
563 31 3384
564 61 1797
565 52 1754
566 1576 5268
567 64 17930
568 582 17588
569 1378 17990
570 15 4808
571 160 17987
572 242 1897
573 740 17999
574 13 17577
575 68 17776
576 1985 17989
577 3977 4749
578 32 6589
579 2081 16825
580 2130 4088
581 1710 17961
582 95 17957
583 1055 2965
584 64 5330
585 1155 2890
586 1074 7852
587 57 1692
588 1644 3181
589 642 5618
590 4 17407
591 52 7596
592 3485 5448
593 1504 7027
594 865 17949
595 140 1181
596 17450 17951
597 13699 17987
598 5 17964
599 38 11106
600 72 14920
601 3134 17947
602 3650 16480
603 3 16646
604 19 17953
605 1728 11970
606 205 17957
607 17 17969
608 1245 17975
609 56 17953
610 954 16822
611 10860 11415
612 1032 17945
613 3 16685
614 35 17975
615 64 17930
616 4121 10998
617 21 17971
618 34 17977
619 6 17910
620 39 17987
621 1651 17986
622 30 17093
623 1588 13446
624 138 17960
625 450 9574
626 13 17967
627 208 5065
628 3740 6218
629 748 14320
630 138 17987
631 85 17955
632 614 17950
633 836 7483
634 830 3220
635 4180 16896
636 71 7405
637 4478 5789
638 1661 16928
639 115 16225
640 22 17254
641 55 4532
642 52 7734
643 766 2484
644 150 1047
645 3091 3685
646 4159 17987
647 255 5363
648 21 15475
649 3355 17963
650 38 17976
651 4597 5534
652 6954 10356
653 25 2562
654 52 4837
655 5255 6543
656 2400 2501
657 3527 4507
658 1395 17950
659 296 17990
660 2113 3757
661 1504 15820
662 20 6134
663 14 17969
664 4407 5444
665 5860 6296
666 3671 4739
667 3923 5075
668 1824 17999
669 4227 5456
670 4667 5970
671 3514 16148
672 413 5687
673 2493 17763
674 105 7470
675 1916 3409
676 210 14041
677 851 4024
678 4530 5745
679 3205 17967
680 3515 5383
681 561 8104
682 1069 4236
683 730 5781
684 2921 4862
685 7018 17993
686 1872 3207
687 2519 3809
688 28 14489
689 3861 5242
690 3264 5108
691 4672 17715
692 3011 4938
693 162 1059
694 6145 17966
695 1816 3667
696 5360 8567
697 966 13825
698 17354 17959
699 96 12299
700 9169 12289
701 13886 14047
702 3685 5036
703 5998 16127
704 3257 17695
705 1665 2692
706 2520 3911
707 2685 5649
708 1924 4983
709 1179 2184
710 5253 6243
711 20 17971
712 3227 4254
713 1184 2190
714 4532 14120
715 1323 16897
716 5493 6338
717 2164 12267
718 3677 17967
719 76 5156
720 2846 10471
721 882 5218
722 35 5915
723 3020 3943
724 54 17930
725 524 1095
726 1281 2090
727 65 3402
728 1682 2585
729 517 7025
730 905 17958
731 1315 2524
732 713 14232
733 4 17963
734 3637 15927
735 1203 8797
736 1778 3420
737 53 319
738 835 1937
739 2009 4292
740 2179 7914
741 3244 4272
742 19 17971
743 800 6867
744 26 16926
745 2424 16053
746 781 17878
747 1778 17947
748 1106 1810
749 109 1111
750 66 12225
751 16 6094
752 1394 2599
753 307 995
754 427 8088
755 1726 4787
756 746 2878
757 2165 2768
758 784 4451
759 1536 2977
760 5304 6672
761 2318 3810
762 7039 16684
763 1179 1987
764 2153 17970
765 408 5595
766 918 6032
767 2690 17489
768 1231 15198
769 2015 2617
770 958 17644
771 19 4910
772 3386 13326
773 2603 3322
774 31 15916
775 3440 4364
776 4444 5889
777 2492 10560
778 6000 9570
779 2787 3874
780 1807 10636
781 2360 3818
782 2864 4818
783 1432 5909
784 3855 5020
785 127 7891
786 2966 4917
787 5448 6423
788 3307 4860
789 8417 17742
790 1916 2722
791 1735 13956
792 4318 5360
793 318 6480
794 1481 2786
795 139 7313
796 55 7434
797 962 6028
798 1988 7079
799 5924 6904
800 661 16015
801 3 12404
802 4211 17975
803 39 4452
804 3960 15321
805 64 11674
806 159 8499
807 31 17975
808 2363 3365
809 6128 17426
810 18 14880
811 52 14891
812 5668 6001
813 158 16575
814 1364 2566
815 4238 4623
816 2288 13648
817 2034 17948
818 3384 17975
819 2213 5865
820 2552 6333
821 33 1469
822 10 17967
823 3479 4802
824 52 17987
825 1672 15091
826 4809 17086
827 573 4626
828 161 13108
